FIELD	ps10_S1	ps11_S2	ps12_S3	ps37_S4	ps38_S5	ps40_S6	ps41_S7	ps44_S8	ps46_S9	ps48_S10	ps49_S11	ps50_S12
Stranded_Rule_Code	0	0	0	0	0	0	0	0	0	0	0	0
READ_PAIR_OK	16856205	12150313	2568462	14128383	13928240	12082916	16596021	16302227	17936670	17673783	12929829	11631173
TOTAL_READ_PAIRS	16924708	12196037	2581636	14172205	13978601	12121831	16664138	16366191	18005508	17734303	12987380	11674294
DROPPED_NOT_PROPER_PAIR	-1	-1	-1	-1	-1	-1	-1	-1	-1	-1	-1	-1
DROPPED_READ_FAILS_VENDOR_QC	0	0	0	0	0	0	0	0	0	0	0	0
DROPPED_MARKED_NOT_VALID	0	0	0	0	0	0	0	0	0	0	0	0
DROPPED_CHROMS_MISMATCH	-1	-1	-1	-1	-1	-1	-1	-1	-1	-1	-1	-1
DROPPED_PAIR_STRANDS_MISMATCH	-1	-1	-1	-1	-1	-1	-1	-1	-1	-1	-1	-1
DROPPED_IGNORED_CHROMOSOME	0	0	0	0	0	0	0	0	0	0	0	0
DROPPED_NOT_UNIQUE_ALIGNMENT	68503	45724	13174	43822	50361	38915	68117	63964	68838	60520	57551	43121
DROPPED_NO_ALN_BLOCKS	0	0	0	0	0	0	0	0	0	0	0	0
DROPPED_NOT_MARKED_RG	-1	-1	-1	-1	-1	-1	-1	-1	-1	-1	-1	-1
KEPT_NOT_UNIQUE_ALIGNMENT	0	0	0	0	0	0	0	0	0	0	0	0
minObservedReadLength	30	30	30	30	30	30	30	31	30	30	30	30
maxObservedReadLength	301	301	301	301	301	301	301	301	301	301	301	301
maxLegalPhredScore	64	64	64	64	64	64	64	64	64	64	64	64
IS_SINGLE_END	1	1	1	1	1	1	1	1	1	1	1	1
PREALIGNMENT_READ_CT	-1	-1	-1	-1	-1	-1	-1	-1	-1	-1	-1	-1
BENCHMARK_MinutesOnSamIteration	32.17	22.22	4.58	26.42	26.5	25.87	31.97	31.35	35.28	37.8	25.23	22.42
BENCHMARK_MinutesPerMillionReads	1.9	1.82	1.78	1.86	1.9	2.13	1.92	1.92	1.96	2.13	1.94	1.92
BENCHMARK_MinutesPerMillionGoodReads	1.91	1.83	1.78	1.87	1.9	2.14	1.93	1.92	1.97	2.14	1.95	1.93
ReadPairs_AmbigGene	1252478	856057	190361	1026740	1072080	929858	1323483	1315284	1455922	1376189	1112733	925170
ReadPairs_UniqueGene	15198498	11024318	2300105	12760408	12508262	10879442	14891825	14587294	15996442	15824338	11497202	10460460
ReadPairs_UniqueGene_CDS	0	0	0	0	0	0	0	0	0	0	0	0
ReadPairs_UniqueGene_UTR	15198498	11024318	2300105	12760408	12508262	10879442	14891825	14587294	15996442	15824338	11497202	10460460
ReadPairs_NoGene	405229	269938	77996	341235	347898	273616	380713	399649	484306	473256	319894	245543
ReadPairs_NoGene_Intron	152807	96096	27001	130467	140465	87069	125877	158167	164910	156202	102923	80561
ReadPairs_NoGene_OneKbFromGene	188169	132486	35784	174601	163094	145541	193317	177557	244662	248544	165683	128666
ReadPairs_NoGene_TenKbFromGene	61120	39255	14180	34022	42067	39500	58399	61105	70349	65390	48262	34657
ReadPairs_NoGene_MiddleOfNowhere	3133	2101	1031	2145	2272	1506	3120	2820	4385	3120	3026	1659
Genes_Total	28726	28726	28726	28726	28726	28726	28726	28726	28726	28726	28726	28726
Genes_WithZeroCounts	7655	8139	9824	7547	7957	7421	7355	7337	7229	7477	7610	7691
Genes_WithNonzeroCounts	21071	20587	18902	21179	20769	21305	21371	21389	21497	21249	21116	21035
AVG_GC	0.47	0.47	0.46	0.46	0.46	0.46	0.46	0.46	0.46	0.46	0.46	0.46
AggregateGenes	27129	27129	27129	27129	27129	27129	27129	27129	27129	27129	27129	27129
AggregateGenes_NoReads	6858	7309	8861	6761	7155	6638	6588	6558	6481	6697	6827	6884
AggregateGenes_WithReads	20271	19820	18268	20368	19974	20491	20541	20571	20648	20432	20302	20245
SpliceLoci	160287	152175	132859	164946	159733	161885	168841	169661	170728	170819	161678	156899
SpliceLoci_Known	121455	121455	121455	121455	121455	121455	121455	121455	121455	121455	121455	121455
SpliceLoci_Known_NoReads	29741	32276	45481	29498	31160	30150	28487	28351	29447	30790	30523	30454
SpliceLoci_Known_FewReads	8483	9656	25898	9562	8760	11664	9598	9618	9250	9767	11837	11310
SpliceLoci_Known_ManyReads	83231	79523	50076	82395	81535	79641	83370	83486	82758	80898	79095	79691
SpliceLoci_Novel	38832	30720	11404	43491	38278	40430	47386	48206	49273	49364	40223	35444
SpliceLoci_Novel_FewReads	29182	22766	9500	34503	29429	33305	38501	39226	39138	39021	32665	28349
SpliceLoci_Novel_ManyReads	9650	7954	1904	8988	8849	7125	8885	8980	10135	10343	7558	7095
SpliceEvents	9508896	6879446	1344456	8174090	8161099	6638071	9352648	9607308	9828573	9568850	7002369	6454601
SpliceEvents_KnownLoci	9049387	6549066	1280913	7753052	7753547	6337498	8929960	9123589	9351496	9071713	6683607	6161892
SpliceEvents_KnownLociWithFewReads	16278	18516	48457	17435	16187	21347	17564	17621	17061	18015	21838	21285
SpliceEvents_KnownLociWithManyReads	9033109	6530550	1232456	7735617	7737360	6316151	8912396	9105968	9334435	9053698	6661769	6140607
SpliceEvents_NovelLoci	459509	330380	63543	421038	407552	300573	422688	483719	477077	497137	318762	292709
SpliceEvents_NovelLociWithFewReads	44030	35251	13396	47434	43167	42621	50771	51649	54114	54834	43847	39032
SpliceEvents_NovelLociWithManyReads	415479	295129	50147	373604	364385	257952	371917	432070	422963	442303	274915	253677
StrandTest_frFirstStrand	12025633	8849774	1848155	9734968	10126400	8827294	11818572	11137069	12097617	12541110	8996696	8156934
StrandTest_frSecondStrand	3397471	2324541	478401	3190346	2650284	2221815	3283008	3657939	4177272	3601082	2669316	2462817
StrandTest_ambig_genesFountOnBothStrands	1027872	706060	163910	861834	803658	760191	1113728	1107570	1177475	1058335	943923	765879
StrandTest_ambig_noGenes	405229	269938	77996	341235	347898	273616	380713	399649	484306	473256	319894	245543
StrandTest_ambig_other	0	0	0	0	0	0	0	0	0	0	0	0
StrandTest_STRANDEDNESS_MATCHES_INFERRED	0	0	0	0	0	0	0	0	0	0	0	0
NumberOfChromosomesCovered	63	58	51	67	65	64	74	69	72	67	61	62
deletionLoci	64738	48317	15875	73944	66334	70126	86687	81632	92609	85541	69345	58375
insertionLoci	41410	31272	12663	43107	38357	34477	46197	50773	53867	49938	40621	36160
deletionEventCt	317971	225759	51857	295044	277403	284556	385178	340299	443121	417891	328208	253322
insertionEventCt	335495	231526	62652	272142	256550	234241	374909	342951	432331	393765	315923	242946
highCoverageDeletionLoci	4556	3607	1201	4216	3996	3771	4755	4374	5220	4966	4196	3666
highCoverageInsertionLoci	7109	5501	1435	6444	6062	5309	6976	7125	8540	8164	6167	5392
NumReadsAtMaxReadLength_R1	0	0	0	0	0	0	0	0	0	0	0	0
NumReadsAtMaxReadLength_R2	0	0	0	0	0	0	0	0	0	0	0	0
NumReadsTruncated_R1	16856205	12150313	2568462	14128383	13928240	12082916	16596021	16302227	17936670	17673783	12929829	11631173
NumReadsTruncated_R2	0	0	0	0	0	0	0	0	0	0	0	0
NumReadsTruncated_25pct_R1	603307	442645	92563	510729	515457	453397	647918	651353	680323	655328	496217	462564
NumReadsTruncated_25pct_R2	0	0	0	0	0	0	0	0	0	0	0	0
NumReadsTruncated_50pct_R1	3468502	2582009	640029	2526366	2952352	2137096	2873868	2248163	2853148	3513922	2484950	2355927
NumReadsTruncated_50pct_R2	0	0	0	0	0	0	0	0	0	0	0	0
NumReadsTruncated_75pct_R1	14396225	10342170	2214900	11982649	11864300	10415409	13901788	13303456	15056632	15030806	10966841	9937250
NumReadsTruncated_75pct_R2	0	0	0	0	0	0	0	0	0	0	0	0
READ_LENGTH	301	301	301	301	301	301	301	301	301	301	301	301
COMPLETED_WITHOUT_WARNING	0	0	0	0	0	0	0	0	0	0	0	0
QoRTs_initTimeStamp	1552186327797	1552188278779	1552189631026	1552189924644	1552191528969	1552193138956	1552194709986	1552196647131	1552198547138	1552200683313	1552202971186	1552204504443
QoRTs_samDoneTimeStamp	1552188273072	1552189625423	1552189919512	1552191523095	1552193132229	1552194704376	1552196641383	1552198541239	1552200677271	1552202965226	1552204498892	1552205862811
QoRTs_majorVer	1	1	1	1	1	1	1	1	1	1	1	1
QoRTs_minorVer	3	3	3	3	3	3	3	3	3	3	3	3
QoRTs_patchVer	6	6	6	6	6	6	6	6	6	6	6	6
QoRTs_compileTimeStamp	1537888906	1537888906	1537888906	1537888906	1537888906	1537888906	1537888906	1537888906	1537888906	1537888906	1537888906	1537888906
COMPLETED_WITHOUT_ERROR	1	1	1	1	1	1	1	1	1	1	1	1
SpliceLoci_Known_Covered	91714	89179	75974	91957	90295	91305	92968	93104	92008	90665	90932	91001
SpliceLoci_Novel_Covered	38832	30720	11404	43491	38278	40430	47386	48206	49273	49364	40223	35444
SpliceLoci_Covered	130546	119899	87378	135448	128573	131735	140354	141310	141281	140029	131155	126445
GC_byRead_Mean	78.56	78.58	76.82	77.78	78.11	78.57	79.17	80.58	77.6	76.91	77.16	77.61
GC_byRead_Median	75	75	74	74	75	76	76	76	74	74	74	74
GeneBodyCoverage_Overall_Mean	0.46	0.46	0.48	0.47	0.46	0.48	0.49	0.49	0.51	0.5	0.52	0.48
GeneBodyCoverage_Overall_Median	0.46	0.44	0.49	0.46	0.44	0.49	0.49	0.49	0.51	0.51	0.54	0.46
GeneBodyCoverage_LowExpress_Mean	0.48	0.47	0.49	0.49	0.47	0.5	0.5	0.5	0.52	0.52	0.53	0.49
GeneBodyCoverage_LowExpress_Median	0.46	0.46	0.49	0.49	0.46	0.49	0.51	0.51	0.54	0.54	0.54	0.49
GeneBodyCoverage_UMQuartile_Mean	0.47	0.46	0.49	0.48	0.47	0.49	0.5	0.5	0.53	0.52	0.54	0.49
GeneBodyCoverage_UMQuartile_Median	0.46	0.46	0.49	0.49	0.46	0.49	0.51	0.51	0.54	0.54	0.56	0.49
geneDiversityProfile_top1count	280687	174554	59044	173477	181659	141793	321371	287852	241315	137715	240797	176152
geneDiversityProfile_top10count	1314688	767047	218034	736920	783843	605753	1347131	1160850	1028353	803011	967648	819970
geneDiversityProfile_top100count	3935674	2441238	582456	2618373	2634126	2186468	3920810	3578095	3358501	2830118	2872446	2580258
geneDiversityProfile_top1000count	8315696	5794875	1253328	6338111	6349509	5505956	8191291	7831968	8052244	7814001	6169143	5586952
geneDiversityProfile_top1pct	0.02	0.02	0.03	0.01	0.01	0.01	0.02	0.02	0.02	0.01	0.02	0.02
geneDiversityProfile_top10pct	0.09	0.07	0.09	0.06	0.06	0.06	0.09	0.08	0.06	0.05	0.08	0.08
geneDiversityProfile_top100pct	0.26	0.22	0.25	0.21	0.21	0.2	0.26	0.25	0.21	0.18	0.25	0.25
geneDiversityProfile_top1000pct	0.55	0.53	0.54	0.5	0.51	0.51	0.55	0.54	0.5	0.49	0.54	0.53
